rosrun camera_calibration cameracalibrator.py --approximate 0.1 --size 8x6 --square 0.022 --no-service-check right:=/zed/zed_node/right/image_rect_color left:=/zed/zed_node/left/image_rect_color right_camera:=/zed/zed_node/right left_camera:=/zed/zed_node/left 
*** Added sample 1, p_x = 0.491, p_y = 0.179, p_size = 0.144, skew = 0.004
*** Added sample 2, p_x = 0.580, p_y = 0.113, p_size = 0.171, skew = 0.039
*** Added sample 3, p_x = 0.612, p_y = 0.173, p_size = 0.242, skew = 0.094
*** Added sample 4, p_x = 0.642, p_y = 0.300, p_size = 0.280, skew = 0.087
*** Added sample 5, p_x = 0.696, p_y = 0.350, p_size = 0.368, skew = 0.077
*** Added sample 6, p_x = 0.737, p_y = 0.422, p_size = 0.428, skew = 0.047
*** Added sample 7, p_x = 0.756, p_y = 0.356, p_size = 0.540, skew = 0.036
*** Added sample 8, p_x = 0.828, p_y = 0.256, p_size = 0.542, skew = 0.084
*** Added sample 9, p_x = 0.576, p_y = 0.291, p_size = 0.168, skew = 0.065
*** Added sample 10, p_x = 0.729, p_y = 0.573, p_size = 0.389, skew = 0.031
*** Added sample 11, p_x = 0.742, p_y = 0.567, p_size = 0.379, skew = 0.214
*** Added sample 12, p_x = 0.746, p_y = 0.487, p_size = 0.372, skew = 0.345
*** Added sample 13, p_x = 0.721, p_y = 0.497, p_size = 0.340, skew = 0.496
*** Added sample 14, p_x = 0.697, p_y = 0.458, p_size = 0.303, skew = 0.638
*** Added sample 15, p_x = 0.702, p_y = 0.464, p_size = 0.326, skew = 0.233
*** Added sample 16, p_x = 0.693, p_y = 0.588, p_size = 0.309, skew = 0.703
*** Added sample 17, p_x = 0.690, p_y = 0.592, p_size = 0.299, skew = 0.890
*** Added sample 18, p_x = 0.688, p_y = 0.433, p_size = 0.321, skew = 0.012
*** Added sample 19, p_x = 0.780, p_y = 0.360, p_size = 0.312, skew = 0.130
*** Added sample 20, p_x = 0.881, p_y = 0.336, p_size = 0.312, skew = 0.205
*** Added sample 21, p_x = 0.579, p_y = 0.417, p_size = 0.293, skew = 0.068
*** Added sample 22, p_x = 0.416, p_y = 0.404, p_size = 0.311, skew = 0.048
*** Added sample 23, p_x = 0.850, p_y = 0.420, p_size = 0.288, skew = 0.015
*** Added sample 24, p_x = 0.686, p_y = 0.231, p_size = 0.298, skew = 0.001
*** Added sample 25, p_x = 0.681, p_y = 0.069, p_size = 0.289, skew = 0.026
*** Added sample 26, p_x = 0.688, p_y = 0.623, p_size = 0.307, skew = 0.061
*** Added sample 27, p_x = 0.686, p_y = 0.813, p_size = 0.310, skew = 0.071
*** Added sample 28, p_x = 0.657, p_y = 0.944, p_size = 0.303, skew = 0.034
*** Added sample 29, p_x = 0.514, p_y = 0.520, p_size = 0.332, skew = 0.026
*** Added sample 30, p_x = 0.493, p_y = 0.677, p_size = 0.337, skew = 0.009
*** Added sample 31, p_x = 0.420, p_y = 0.214, p_size = 0.323, skew = 0.073
*** Added sample 32, p_x = 0.808, p_y = 0.593, p_size = 0.330, skew = 0.097
*** Added sample 33, p_x = 0.947, p_y = 0.572, p_size = 0.325, skew = 0.138
*** Added sample 34, p_x = 0.915, p_y = 0.286, p_size = 0.320, skew = 0.091
*** Added sample 35, p_x = 0.901, p_y = 0.160, p_size = 0.309, skew = 0.143
*** Added sample 36, p_x = 0.900, p_y = 0.466, p_size = 0.310, skew = 0.104
*** Added sample 37, p_x = 0.903, p_y = 0.655, p_size = 0.312, skew = 0.058
*** Added sample 38, p_x = 0.370, p_y = 0.612, p_size = 0.335, skew = 0.021
*** Added sample 39, p_x = 0.641, p_y = 0.519, p_size = 0.270, skew = 0.049
*** Added sample 40, p_x = 0.794, p_y = 0.536, p_size = 0.311, skew = 0.263
*** Added sample 41, p_x = 0.732, p_y = 0.491, p_size = 0.307, skew = 0.098
*** Added sample 42, p_x = 0.713, p_y = 0.147, p_size = 0.287, skew = 0.123
*** Added sample 43, p_x = 0.661, p_y = 0.371, p_size = 0.219, skew = 0.027
*** Added sample 44, p_x = 0.616, p_y = 0.476, p_size = 0.174, skew = 0.002
*** Added sample 45, p_x = 0.718, p_y = 0.438, p_size = 0.153, skew = 0.043
*** Added sample 46, p_x = 0.875, p_y = 0.397, p_size = 0.158, skew = 0.053
*** Added sample 47, p_x = 0.467, p_y = 0.441, p_size = 0.170, skew = 0.022
*** Added sample 48, p_x = 0.329, p_y = 0.401, p_size = 0.169, skew = 0.044
*** Added sample 49, p_x = 0.203, p_y = 0.376, p_size = 0.172, skew = 0.096
*** Added sample 50, p_x = 0.771, p_y = 0.410, p_size = 0.168, skew = 0.173
*** Added sample 51, p_x = 0.872, p_y = 0.384, p_size = 0.166, skew = 0.263
*** Added sample 52, p_x = 0.945, p_y = 0.368, p_size = 0.166, skew = 0.385
*** Added sample 53, p_x = 0.942, p_y = 0.364, p_size = 0.155, skew = 0.162
*** Added sample 54, p_x = 0.623, p_y = 0.058, p_size = 0.169, skew = 0.143
*** Added sample 55, p_x = 0.953, p_y = 0.410, p_size = 0.232, skew = 0.293
*** Added sample 56, p_x = 0.546, p_y = 0.200, p_size = 0.145, skew = 0.130
*** Added sample 57, p_x = 0.553, p_y = 0.549, p_size = 0.151, skew = 0.071
*** Added sample 58, p_x = 0.558, p_y = 0.713, p_size = 0.154, skew = 0.035
*** Added sample 59, p_x = 0.570, p_y = 0.903, p_size = 0.161, skew = 0.028
*** Added sample 60, p_x = 0.570, p_y = 0.460, p_size = 0.172, skew = 0.144
*** Added sample 61, p_x = 0.386, p_y = 0.532, p_size = 0.204, skew = 0.004
*** Added sample 62, p_x = 0.273, p_y = 0.520, p_size = 0.201, skew = 0.081
*** Added sample 63, p_x = 0.622, p_y = 0.582, p_size = 0.191, skew = 0.162
*** Added sample 64, p_x = 0.758, p_y = 0.574, p_size = 0.183, skew = 0.318
*** Added sample 65, p_x = 0.756, p_y = 0.580, p_size = 0.195, skew = 0.081
*** Added sample 66, p_x = 0.723, p_y = 0.565, p_size = 0.187, skew = 0.534
*** Added sample 67, p_x = 0.725, p_y = 0.564, p_size = 0.183, skew = 0.748
*** Added sample 68, p_x = 0.728, p_y = 0.560, p_size = 0.177, skew = 0.937
*** Added sample 69, p_x = 0.786, p_y = 0.647, p_size = 0.216, skew = 0.583
*** Added sample 70, p_x = 0.858, p_y = 0.718, p_size = 0.256, skew = 0.647
*** Added sample 71, p_x = 0.948, p_y = 0.823, p_size = 0.314, skew = 0.307
*** Added sample 72, p_x = 0.956, p_y = 0.829, p_size = 0.322, skew = 0.123
*** Added sample 73, p_x = 0.908, p_y = 0.682, p_size = 0.321, skew = 0.563
*** Added sample 74, p_x = 0.887, p_y = 0.658, p_size = 0.317, skew = 0.390
*** Added sample 75, p_x = 0.538, p_y = 0.495, p_size = 0.465, skew = 0.051
*** Added sample 76, p_x = 0.824, p_y = 0.537, p_size = 0.423, skew = 0.137
*** Added sample 77, p_x = 0.890, p_y = 0.585, p_size = 0.510, skew = 0.104
*** Added sample 78, p_x = 0.725, p_y = 0.638, p_size = 0.510, skew = 0.049
*** Added sample 79, p_x = 0.709, p_y = 0.756, p_size = 0.558, skew = 0.068
*** Added sample 80, p_x = 0.783, p_y = 0.922, p_size = 0.605, skew = 0.106
*** Added sample 81, p_x = 0.820, p_y = 0.709, p_size = 0.561, skew = 0.109
*** Added sample 82, p_x = 0.458, p_y = 0.583, p_size = 0.231, skew = 0.056
*** Added sample 83, p_x = 0.256, p_y = 0.235, p_size = 0.264, skew = 0.004
*** Added sample 84, p_x = 0.656, p_y = 0.208, p_size = 0.364, skew = 0.099
*** Added sample 85, p_x = 0.800, p_y = 0.211, p_size = 0.374, skew = 0.142
*** Added sample 86, p_x = 0.923, p_y = 0.382, p_size = 0.402, skew = 0.111
*** Added sample 87, p_x = 0.582, p_y = 0.087, p_size = 0.270, skew = 0.173
*** Added sample 88, p_x = 0.537, p_y = 0.160, p_size = 0.267, skew = 0.285
*** Added sample 89, p_x = 0.513, p_y = 0.076, p_size = 0.274, skew = 0.428
*** Added sample 90, p_x = 0.680, p_y = 0.011, p_size = 0.284, skew = 0.185
*** Added sample 91, p_x = 0.670, p_y = 0.070, p_size = 0.252, skew = 0.287
*** Added sample 92, p_x = 0.666, p_y = 0.016, p_size = 0.243, skew = 0.487

Left:
('D = ', [0.009746563829491045, -0.012801547992642019, 0.0011337134547784087, -0.002838599465352049, 0.0])
('K = ', [698.4638019932769, 0.0, 601.9773645876436, 0.0, 695.8599917510946, 379.30240046007236, 0.0, 0.0, 1.0])
('R = ', [0.9999986303614505, -0.0016456148799013591, -0.00017671131820226399, 0.0016460533417453596, 0.9999954941015149, 0.002510435233817601, 0.00017257931238320303, -0.00251072267168458, 0.9999968332390091])
('P = ', [700.0926444637008, 0.0, 593.1592178344727, 0.0, 0.0, 700.0926444637008, 378.26103591918945, 0.0, 0.0, 0.0, 1.0, 0.0])

Right:
('D = ', [0.008185238123726804, -0.01530425089961923, -0.0001392957961312843, -0.0022725715343652774, 0.0])
('K = ', [695.637635943541, 0.0, 605.5946457057464, 0.0, 695.4177284755905, 375.42706032463053, 0.0, 0.0, 1.0])
('R = ', [0.9999834128657124, -0.0015902280746336018, 0.005535807810315697, 0.0016041212079382044, 0.9999955729935311, -0.0025061501330988054, -0.00553179795295781, 0.0025149886699615993, 0.9999815368512548])
('P = ', [700.0926444637008, 0.0, 593.1592178344727, -73.70401959384539, 0.0, 700.0926444637008, 378.26103591918945, 0.0, 0.0, 0.0, 1.0, 0.0])
('self.T ', [-0.10527577691068896, 0.00016741527296200803, -0.0005827961349772414])
('self.R ', [0.9999837290450692, -2.758479339992654e-05, -0.005704461779767838, 5.625419307618348e-05, 0.9999873695789029, 0.005025685837018463, 0.005704251097507921, -0.005025924964205067, 0.9999711003812414])
None
# oST version 5.0 parameters


[image]

width
1280

height
720

[narrow_stereo/left]

camera matrix
698.463802 0.000000 601.977365
0.000000 695.859992 379.302400
0.000000 0.000000 1.000000

distortion
0.009747 -0.012802 0.001134 -0.002839 0.000000

rectification
0.999999 -0.001646 -0.000177
0.001646 0.999995 0.002510
0.000173 -0.002511 0.999997

projection
700.092644 0.000000 593.159218 0.000000
0.000000 700.092644 378.261036 0.000000
0.000000 0.000000 1.000000 0.000000

# oST version 5.0 parameters


[image]

width
1280

height
720

[narrow_stereo/right]

camera matrix
695.637636 0.000000 605.594646
0.000000 695.417728 375.427060
0.000000 0.000000 1.000000

distortion
0.008185 -0.015304 -0.000139 -0.002273 0.000000

rectification
0.999983 -0.001590 0.005536
0.001604 0.999996 -0.002506
-0.005532 0.002515 0.999982

projection
700.092644 0.000000 593.159218 -73.704020
0.000000 700.092644 378.261036 0.000000
0.000000 0.000000 1.000000 0.000000



Left:
('D = ', [0.007104316962885749, -0.011513226185624906, 0.0012098302592831805, -0.002308781556248012, 0.0])
('K = ', [695.2562654437802, 0.0, 604.1442130171623, 0.0, 692.7730590841473, 379.26237186932195, 0.0, 0.0, 1.0])
('R = ', [0.999962335794168, -0.0011775493929912278, -0.008598858674167112, 0.0011997039479297307, 0.9999959733993464, 0.00257174950783086, 0.00859579568792528, -0.002581968729627138, 0.999959722055829])
('P = ', [696.8021202745063, 0.0, 606.970703125, 0.0, 0.0, 696.8021202745063, 378.4245262145996, 0.0, 0.0, 0.0, 1.0, 0.0])

Right:
('D = ', [0.00798701027087592, -0.014765065924999371, 4.1526638952178624e-05, -0.0020475521935006346, 0.0])
('K = ', [694.6747075377735, 0.0, 606.9576953026764, 0.0, 694.4198039694503, 375.439803970981, 0.0, 0.0, 1.0])
('R = ', [0.9999941060529582, -0.0010804811760961703, -0.0032588985520823972, 0.0010720797748053487, 0.9999961006380044, -0.0025786340847166866, 0.0032616720100458116, 0.00257512508715812, 0.9999913650759612])
('P = ', [696.8021202745063, 0.0, 606.970703125, -73.21767839656995, 0.0, 696.8021202745063, 378.4245262145996, 0.0, 0.0, 0.0, 1.0, 0.0])
('self.T ', [-0.10507609653456124, 0.00011353341352337117, 0.00034243435714586705])
('self.R ', [0.9999857649136551, -0.00011388852974562874, -0.0053345102357186, 0.00014139403833914624, 0.999986697480555, 0.005156051751000404, 0.005333852058139247, -0.005156732622103319, 0.9999724786867317])
None
# oST version 5.0 parameters


[image]

width
1280

height
720

[narrow_stereo/left]

camera matrix
695.256265 0.000000 604.144213
0.000000 692.773059 379.262372
0.000000 0.000000 1.000000

distortion
0.007104 -0.011513 0.001210 -0.002309 0.000000

rectification
0.999962 -0.001178 -0.008599
0.001200 0.999996 0.002572
0.008596 -0.002582 0.999960

projection
696.802120 0.000000 606.970703 0.000000
0.000000 696.802120 378.424526 0.000000
0.000000 0.000000 1.000000 0.000000

# oST version 5.0 parameters


[image]

width
1280

height
720

[narrow_stereo/right]

camera matrix
694.674708 0.000000 606.957695
0.000000 694.419804 375.439804
0.000000 0.000000 1.000000

distortion
0.007987 -0.014765 0.000042 -0.002048 0.000000

rectification
0.999994 -0.001080 -0.003259
0.001072 0.999996 -0.002579
0.003262 0.002575 0.999991

projection
696.802120 0.000000 606.970703 -73.217678
0.000000 696.802120 378.424526 0.000000
0.000000 0.000000 1.000000 0.000000


('Wrote calibration data to', '/tmp/calibrationdata.tar.gz')
('Wrote calibration data to', '/tmp/calibrationdata.tar.gz')
('Wrote calibration data to', '/tmp/calibrationdata.tar.gz')

