1.000000000 -0.000034398 0.000011828 -0.000040510 0.000034399 1.000000000 -0.000044000 0.000113823 -0.000011826 0.000044000 1.000000000 0.000018823
1.000000000 -0.000034398 0.000011828 -0.000040510 0.000034399 1.000000000 -0.000044000 0.000113823 -0.000011826 0.000044000 1.000000000 0.000018823
1.000000000 -0.000034398 0.000011828 -0.000040510 0.000034399 1.000000000 -0.000044000 0.000113823 -0.000011826 0.000044000 1.000000000 0.000018823
1.000000000 -0.000034398 0.000011828 -0.000040510 0.000034399 1.000000000 -0.000044000 0.000113823 -0.000011826 0.000044000 1.000000000 0.000018823
1.000000000 -0.000034398 0.000011828 -0.000040510 0.000034399 1.000000000 -0.000044000 0.000113823 -0.000011826 0.000044000 1.000000000 0.000018823
1.000000000 -0.000034398 0.000011828 -0.000040510 0.000034399 1.000000000 -0.000044000 0.000113823 -0.000011826 0.000044000 1.000000000 0.000018823
1.000000000 -0.000034398 0.000011828 -0.000040510 0.000034399 1.000000000 -0.000044000 0.000113823 -0.000011826 0.000044000 1.000000000 0.000018823
1.000000000 -0.000034398 0.000011828 -0.000040510 0.000034399 1.000000000 -0.000044000 0.000113823 -0.000011826 0.000044000 1.000000000 0.000018823
1.000000000 -0.000034398 0.000011828 -0.000040510 0.000034399 1.000000000 -0.000044000 0.000113823 -0.000011826 0.000044000 1.000000000 0.000018823
1.000000000 -0.000034398 0.000011828 -0.000040510 0.000034399 1.000000000 -0.000044000 0.000113823 -0.000011826 0.000044000 1.000000000 0.000018823
1.000000000 -0.000034398 0.000011828 -0.000040510 0.000034399 1.000000000 -0.000044000 0.000113823 -0.000011826 0.000044000 1.000000000 0.000018823
1.000000000 -0.000034398 0.000011828 -0.000040510 0.000034399 1.000000000 -0.000044000 0.000113823 -0.000011826 0.000044000 1.000000000 0.000018823
1.000000000 -0.000034398 0.000011828 -0.000040510 0.000034399 1.000000000 -0.000044000 0.000113823 -0.000011826 0.000044000 1.000000000 0.000018823
1.000000000 -0.000034398 0.000011828 -0.000040510 0.000034399 1.000000000 -0.000044000 0.000113823 -0.000011826 0.000044000 1.000000000 0.000018823
1.000000000 -0.000034398 0.000011828 -0.000040510 0.000034399 1.000000000 -0.000044000 0.000113823 -0.000011826 0.000044000 1.000000000 0.000018823
1.000000000 -0.000034398 0.000011828 -0.000040510 0.000034399 1.000000000 -0.000044000 0.000113823 -0.000011826 0.000044000 1.000000000 0.000018823
1.000000000 -0.000034398 0.000011828 -0.000040510 0.000034399 1.000000000 -0.000044000 0.000113823 -0.000011826 0.000044000 1.000000000 0.000018823
1.000000000 -0.000034398 0.000011828 -0.000040510 0.000034399 1.000000000 -0.000044000 0.000113823 -0.000011826 0.000044000 1.000000000 0.000018823
1.000000000 -0.000034398 0.000011828 -0.000040510 0.000034399 1.000000000 -0.000044000 0.000113823 -0.000011826 0.000044000 1.000000000 0.000018823
1.000000000 -0.000034398 0.000011828 -0.000040510 0.000034399 1.000000000 -0.000044000 0.000113823 -0.000011826 0.000044000 1.000000000 0.000018823
1.000000000 -0.000034398 0.000011828 -0.000040510 0.000034399 1.000000000 -0.000044000 0.000113823 -0.000011826 0.000044000 1.000000000 0.000018823
1.000000000 -0.000034398 0.000011828 -0.000040510 0.000034399 1.000000000 -0.000044000 0.000113823 -0.000011826 0.000044000 1.000000000 0.000018823
1.000000000 -0.000034398 0.000011828 -0.000040510 0.000034399 1.000000000 -0.000044000 0.000113823 -0.000011826 0.000044000 1.000000000 0.000018823
1.000000000 -0.000034398 0.000011828 -0.000040510 0.000034399 1.000000000 -0.000044000 0.000113823 -0.000011826 0.000044000 1.000000000 0.000018823
1.000000000 -0.000034398 0.000011828 -0.000040510 0.000034399 1.000000000 -0.000044000 0.000113823 -0.000011826 0.000044000 1.000000000 0.000018823
1.000000000 -0.000034398 0.000011828 -0.000040510 0.000034399 1.000000000 -0.000044000 0.000113823 -0.000011826 0.000044000 1.000000000 0.000018823
1.000000000 -0.000034398 0.000011828 -0.000040510 0.000034399 1.000000000 -0.000044000 0.000113823 -0.000011826 0.000044000 1.000000000 0.000018823
1.000000000 -0.000034398 0.000011828 -0.000040510 0.000034399 1.000000000 -0.000044000 0.000113823 -0.000011826 0.000044000 1.000000000 0.000018823
1.000000000 -0.000034398 0.000011828 -0.000040510 0.000034399 1.000000000 -0.000044000 0.000113823 -0.000011826 0.000044000 1.000000000 0.000018823
1.000000000 -0.000034398 0.000011828 -0.000040510 0.000034399 1.000000000 -0.000044000 0.000113823 -0.000011826 0.000044000 1.000000000 0.000018823
1.000000000 -0.000034398 0.000011828 -0.000040510 0.000034399 1.000000000 -0.000044000 0.000113823 -0.000011826 0.000044000 1.000000000 0.000018823
1.000000000 -0.000034398 0.000011828 -0.000040510 0.000034399 1.000000000 -0.000044000 0.000113823 -0.000011826 0.000044000 1.000000000 0.000018823
1.000000000 -0.000034398 0.000011828 -0.000040510 0.000034399 1.000000000 -0.000044000 0.000113823 -0.000011826 0.000044000 1.000000000 0.000018823
1.000000000 -0.000034398 0.000011828 -0.000040510 0.000034399 1.000000000 -0.000044000 0.000113823 -0.000011826 0.000044000 1.000000000 0.000018823
1.000000000 -0.000034398 0.000011828 -0.000040510 0.000034399 1.000000000 -0.000044000 0.000113823 -0.000011826 0.000044000 1.000000000 0.000018823
1.000000000 -0.000034398 0.000011828 -0.000040510 0.000034399 1.000000000 -0.000044000 0.000113823 -0.000011826 0.000044000 1.000000000 0.000018823
1.000000000 -0.000034398 0.000011828 -0.000040510 0.000034399 1.000000000 -0.000044000 0.000113823 -0.000011826 0.000044000 1.000000000 0.000018823
1.000000000 -0.000034398 0.000011828 -0.000040510 0.000034399 1.000000000 -0.000044000 0.000113823 -0.000011826 0.000044000 1.000000000 0.000018823
1.000000000 -0.000034398 0.000011828 -0.000040510 0.000034399 1.000000000 -0.000044000 0.000113823 -0.000011826 0.000044000 1.000000000 0.000018823
1.000000000 -0.000034398 0.000011828 -0.000040510 0.000034399 1.000000000 -0.000044000 0.000113823 -0.000011826 0.000044000 1.000000000 0.000018823
1.000000000 -0.000034398 0.000011828 -0.000040510 0.000034399 1.000000000 -0.000044000 0.000113823 -0.000011826 0.000044000 1.000000000 0.000018823
1.000000000 -0.000034398 0.000011828 -0.000040510 0.000034399 1.000000000 -0.000044000 0.000113823 -0.000011826 0.000044000 1.000000000 0.000018823
1.000000000 -0.000034398 0.000011828 -0.000040510 0.000034399 1.000000000 -0.000044000 0.000113823 -0.000011826 0.000044000 1.000000000 0.000018823
1.000000000 -0.000034398 0.000011828 -0.000040510 0.000034399 1.000000000 -0.000044000 0.000113823 -0.000011826 0.000044000 1.000000000 0.000018823
1.000000000 -0.000034398 0.000011828 -0.000040510 0.000034399 1.000000000 -0.000044000 0.000113823 -0.000011826 0.000044000 1.000000000 0.000018823
1.000000000 -0.000034398 0.000011828 -0.000040510 0.000034399 1.000000000 -0.000044000 0.000113823 -0.000011826 0.000044000 1.000000000 0.000018823
1.000000000 -0.000034398 0.000011828 -0.000040510 0.000034399 1.000000000 -0.000044000 0.000113823 -0.000011826 0.000044000 1.000000000 0.000018823
1.000000000 -0.000034398 0.000011828 -0.000040510 0.000034399 1.000000000 -0.000044000 0.000113823 -0.000011826 0.000044000 1.000000000 0.000018823
1.000000000 -0.000034398 0.000011828 -0.000040510 0.000034399 1.000000000 -0.000044000 0.000113823 -0.000011826 0.000044000 1.000000000 0.000018823
1.000000000 -0.000034398 0.000011828 -0.000040510 0.000034399 1.000000000 -0.000044000 0.000113823 -0.000011826 0.000044000 1.000000000 0.000018823
1.000000000 -0.000034398 0.000011828 -0.000040510 0.000034399 1.000000000 -0.000044000 0.000113823 -0.000011826 0.000044000 1.000000000 0.000018823
1.000000000 -0.000034398 0.000011828 -0.000040510 0.000034399 1.000000000 -0.000044000 0.000113823 -0.000011826 0.000044000 1.000000000 0.000018823
1.000000000 -0.000034398 0.000011828 -0.000040510 0.000034399 1.000000000 -0.000044000 0.000113823 -0.000011826 0.000044000 1.000000000 0.000018823
1.000000000 -0.000034398 0.000011828 -0.000040510 0.000034399 1.000000000 -0.000044000 0.000113823 -0.000011826 0.000044000 1.000000000 0.000018823
1.000000000 -0.000034398 0.000011828 -0.000040510 0.000034399 1.000000000 -0.000044000 0.000113823 -0.000011826 0.000044000 1.000000000 0.000018823
1.000000000 -0.000034398 0.000011828 -0.000040510 0.000034399 1.000000000 -0.000044000 0.000113823 -0.000011826 0.000044000 1.000000000 0.000018823
1.000000000 -0.000034398 0.000011828 -0.000040510 0.000034399 1.000000000 -0.000044000 0.000113823 -0.000011826 0.000044000 1.000000000 0.000018823
1.000000000 -0.000034398 0.000011828 -0.000040510 0.000034399 1.000000000 -0.000044000 0.000113823 -0.000011826 0.000044000 1.000000000 0.000018823
1.000000000 -0.000034398 0.000011828 -0.000040510 0.000034399 1.000000000 -0.000044000 0.000113823 -0.000011826 0.000044000 1.000000000 0.000018823
1.000000000 -0.000034398 0.000011828 -0.000040510 0.000034399 1.000000000 -0.000044000 0.000113823 -0.000011826 0.000044000 1.000000000 0.000018823
1.000000000 -0.000034398 0.000011828 -0.000040510 0.000034399 1.000000000 -0.000044000 0.000113823 -0.000011826 0.000044000 1.000000000 0.000018823
0.999882758 -0.013897129 0.006427586 0.199412435 0.013822549 0.999838233 0.011506680 0.447374880 -0.006586462 -0.011416485 0.999913156 -4.532262802
0.999882758 -0.013897129 0.006427586 0.199412435 0.013822549 0.999838233 0.011506680 0.447374880 -0.006586462 -0.011416485 0.999913156 -4.532262802
0.999882758 -0.013897129 0.006427586 0.199412435 0.013822549 0.999838233 0.011506680 0.447374880 -0.006586462 -0.011416485 0.999913156 -4.532262802
0.999882758 -0.013897129 0.006427586 0.199412435 0.013822549 0.999838233 0.011506680 0.447374880 -0.006586462 -0.011416485 0.999913156 -4.532262802
0.999910116 -0.013214812 -0.002211303 0.198669881 0.013233064 0.999876618 0.008454175 0.395304382 0.002099320 -0.008482678 0.999961913 -3.985770226
0.999944270 -0.010080218 -0.003125250 0.198461980 0.010111421 0.999897420 0.010134745 0.382000327 0.003022768 -0.010165783 0.999943793 -3.855941534
0.999974728 -0.006462687 -0.002975106 0.193756729 0.006495426 0.999917030 0.011130160 0.369717479 0.002902940 -0.011149204 0.999933541 -3.735761166
0.999980628 -0.004711609 -0.004064143 0.190318853 0.004756243 0.999927700 0.011041776 0.358461201 0.004011810 -0.011060894 0.999930859 -3.616086245
0.999973357 -0.004383354 -0.005855769 0.189864829 0.004441646 0.999940276 0.009977794 0.347473502 0.005811661 -0.010003538 0.999933124 -3.496537209
0.999965191 -0.005222070 -0.006514966 0.190830663 0.005291288 0.999929190 0.010652235 0.332232893 0.006458908 -0.010686338 0.999922037 -3.362653255
0.999961853 -0.005527490 -0.006758571 0.190647498 0.005599539 0.999927223 0.010687901 0.321111232 0.006698936 -0.010725340 0.999920070 -3.242038965
0.999955356 -0.005660266 -0.007568628 0.189723074 0.005737218 0.999931693 0.010184079 0.308444381 0.007510424 -0.010227047 0.999919534 -3.120057106
0.999949813 -0.005110248 -0.008619860 0.187274680 0.005196787 0.999935925 0.010047182 0.294954926 0.008567970 -0.010091474 0.999912381 -2.997313261
0.999943256 -0.004591626 -0.009611875 0.188674420 0.004685012 0.999941766 0.009715802 0.281780809 0.009566709 -0.009760285 0.999906659 -2.873903036
0.999930680 -0.004281626 -0.010964237 0.188091964 0.004390342 0.999941170 0.009910710 0.269965410 0.010921158 -0.009958160 0.999890804 -2.757227421
0.999933302 -0.005077686 -0.010371611 0.192434341 0.005179557 0.999938369 0.009818819 0.262567043 0.010321133 -0.009871886 0.999898076 -2.682920933
0.999945700 -0.004665724 -0.009310506 0.192624718 0.004758428 0.999939024 0.009959815 0.259059250 0.009263478 -0.010003580 0.999907076 -2.628605843
0.999941707 -0.005076550 -0.009529315 0.193349242 0.005179765 0.999927819 0.010837990 0.258387834 0.009473622 -0.010886719 0.999895871 -2.606085539
0.999941528 -0.005346481 -0.009388521 0.194984362 0.005441017 0.999934494 0.010073076 0.257711232 0.009334065 -0.010123572 0.999905229 -2.606986761
0.999942243 -0.005451817 -0.009249419 0.197276354 0.005541562 0.999937475 0.009705018 0.258117795 0.009195924 -0.009755715 0.999910116 -2.605797768
0.999942183 -0.005478271 -0.009252071 0.198018476 0.005569134 0.999936163 0.009823816 0.257894546 0.009197667 -0.009874776 0.999908984 -2.604280710
0.999942422 -0.005414873 -0.009252459 0.198963568 0.005505307 0.999937057 0.009776758 0.258665502 0.009198949 -0.009827135 0.999909461 -2.602232695
0.999942541 -0.005462380 -0.009212092 0.200218201 0.005551637 0.999937594 0.009691388 0.258979887 0.009158581 -0.009741973 0.999910593 -2.599789143
0.999943376 -0.005224796 -0.009269699 0.201176524 0.005313379 0.999940217 0.009557410 0.260025769 0.009219229 -0.009606124 0.999911368 -2.597539425
0.999941885 -0.005264685 -0.009399474 0.202635244 0.005354571 0.999939919 0.009563413 0.260176420 0.009348571 -0.009613188 0.999910116 -2.596100807
0.999943852 -0.005094280 -0.009287119 0.203566849 0.005183077 0.999940872 0.009562672 0.260859638 0.009237863 -0.009610271 0.999911189 -2.593192816
0.999943078 -0.005193671 -0.009316981 0.204745993 0.005282587 0.999940515 0.009544356 0.261165798 0.009266861 -0.009593030 0.999911129 -2.591218948
0.999942422 -0.005161509 -0.009395421 0.205920771 0.005250596 0.999941230 0.009482238 0.261883497 0.009345941 -0.009531027 0.999910951 -2.588801622
0.999939680 -0.005323429 -0.009599529 0.207981348 0.005414273 0.999940574 0.009462427 0.262098879 0.009548597 -0.009513832 0.999909163 -2.587656260
0.999941945 -0.005186473 -0.009440511 0.208825201 0.005275313 0.999941826 0.009410301 0.262647152 0.009391159 -0.009459559 0.999911249 -2.585948944
0.999943793 -0.004964497 -0.009363636 0.209250346 0.005050052 0.999945521 0.009135513 0.263154060 0.009317786 -0.009182287 0.999914587 -2.584577322
0.999942243 -0.004898192 -0.009552397 0.211749285 0.004988071 0.999943316 0.009408159 0.262914479 0.009505779 -0.009455265 0.999910176 -2.574866772
0.999942541 -0.005042719 -0.009457909 0.214727283 0.005131790 0.999942362 0.009417284 0.260284662 0.009409875 -0.009465279 0.999911010 -2.548137665
0.999951482 -0.004817170 -0.008590724 0.216575548 0.004897764 0.999943912 0.009385331 0.256831348 0.008545034 -0.009426952 0.999919057 -2.506906271
0.999961257 -0.004282951 -0.007683247 0.218553424 0.004353277 0.999948561 0.009159800 0.250744820 0.007643620 -0.009192892 0.999928474 -2.456284523
0.999972820 -0.003487014 -0.006500646 0.220243677 0.003546701 0.999951363 0.009192918 0.244661868 0.006468281 -0.009215725 0.999936581 -2.401447296
0.999972343 -0.002390623 -0.007026430 0.219891921 0.002455013 0.999954879 0.009169783 0.240157977 0.007004201 -0.009186782 0.999933302 -2.353132963
0.999963999 -0.001623736 -0.008324021 0.214230642 0.001704137 0.999951839 0.009660762 0.235325813 0.008307933 -0.009674599 0.999918580 -2.297492027
0.999940515 -0.001167265 -0.010849060 0.206008047 0.001277046 0.999948025 0.010117464 0.231164142 0.010836686 -0.010130716 0.999889910 -2.245214701
0.999883652 -0.000166212 -0.015259093 0.195860386 0.000310453 0.999955237 0.009450851 0.224998146 0.015256839 -0.009454487 0.999838829 -2.185184479
0.999779403 -0.000139418 -0.021002911 0.183213234 0.000334803 0.999956608 0.009299496 0.214998409 0.021000709 -0.009304478 0.999736130 -2.106533289
0.999630928 0.000271386 -0.027164914 0.171273291 -0.000015861 0.999955654 0.009406185 0.209752992 0.027166273 -0.009402283 0.999586701 -2.039321423
0.999279976 0.000766201 -0.037934344 0.146591559 -0.000402541 0.999953866 0.009593244 0.204074115 0.037939940 -0.009571065 0.999234140 -1.952232003
0.998854578 0.002264771 -0.047796011 0.121914819 -0.001802092 0.999951124 0.009721133 0.197841808 0.047815688 -0.009623865 0.998809755 -1.879534483
0.998321950 0.003632176 -0.057792306 0.095803775 -0.003054019 0.999944329 0.010089207 0.190182090 0.057825744 -0.009895779 0.998277664 -1.791531086
0.997880995 0.003781094 -0.064956538 0.078116655 -0.003129997 0.999943793 0.010122413 0.182100296 0.064991154 -0.009897649 0.997836709 -1.709508657
0.997414649 0.004192587 -0.071738996 0.059568774 -0.003539840 0.999951184 0.009223635 0.170717865 0.071774162 -0.008945844 0.997380793 -1.618545771
0.997036159 0.002119680 -0.076904975 0.047649115 -0.001343831 0.999947667 0.010138738 0.159007728 0.076922439 -0.010005341 0.996986806 -1.510478258
0.996984720 0.001987038 -0.077572137 0.038648263 -0.001160234 0.999942124 0.010702136 0.146585479 0.077588923 -0.010579864 0.996929288 -1.394535899
0.997166991 0.003333284 -0.075146325 0.031212971 -0.002481384 0.999931693 0.011427060 0.128480151 0.075179286 -0.011208219 0.997107029 -1.264101148
0.997396588 0.002726538 -0.072059438 0.031091552 -0.001888340 0.999929786 0.011697611 0.115994528 0.072086267 -0.011531085 0.997331679 -1.146755457
0.997594953 0.003066090 -0.069245897 0.029175442 -0.002218061 0.999921620 0.012320201 0.102832936 0.069278240 -0.012136978 0.997523546 -1.026161075
0.997759581 0.002392790 -0.066858098 0.026291501 -0.001479723 0.999904990 0.013702962 0.092645764 0.066884540 -0.013573330 0.997668386 -0.908152103
0.997740149 0.004285089 -0.067055069 0.017474949 -0.003290131 0.999882996 0.014941323 0.081866600 0.067111239 -0.014686936 0.997637391 -0.792665124
0.997555792 0.004746425 -0.069713444 0.002146192 -0.003720674 0.999883056 0.014836299 0.068801694 0.069775715 -0.014540655 0.997456670 -0.673089564
0.997324169 0.007605922 -0.072708696 -0.016854454 -0.006499806 0.999859691 0.015437509 0.055524193 0.072815917 -0.014923609 0.997233748 -0.527882397
0.997067034 0.003987027 -0.076429702 -0.025786193 -0.002911827 0.999895394 0.014174110 0.037919559 0.076478206 -0.013909987 0.996974289 -0.389213204
0.996988595 0.002933246 -0.077491783 -0.035317741 -0.001974207 0.999920547 0.012449719 0.024359420 0.077522136 -0.012259242 0.996915162 -0.262792379
0.996877134 0.002820208 -0.078916840 -0.046256460 -0.001814383 0.999916315 0.012814172 0.008095158 0.078946374 -0.012630969 0.996798754 -0.120104603
0.997117162 0.003781880 -0.075784311 -0.048628122 -0.002829418 0.999915659 0.012671491 -0.011371473 0.075825833 -0.012420532 0.997043669 0.040562455
0.997556269 0.005533291 -0.069647111 -0.043450218 -0.004761801 0.999925554 0.011238300 -0.027291948 0.069704108 -0.010879193 0.997508287 0.178462699
0.998177111 0.004197371 -0.060204849 -0.027656654 -0.003467983 0.999919415 0.012214487 -0.042131722 0.060251255 -0.011983433 0.998111188 0.336082429
0.998643935 0.005431595 -0.051777564 -0.017613191 -0.004755709 0.999901950 0.013167906 -0.056768395 0.051844016 -0.012903810 0.998571813 0.472246349
0.998884976 0.005802431 -0.046853226 -0.011408634 -0.005206022 0.999903977 0.012841288 -0.070177332 0.046923235 -0.012583050 0.998819292 0.605573893
0.998969913 0.008015998 -0.044665188 -0.010756357 -0.007514694 0.999907017 0.011380176 -0.083465502 0.044752263 -0.011032809 0.998937309 0.734804869
0.998787165 0.006939942 -0.048744366 -0.013928391 -0.006297955 0.999891520 0.013311730 -0.095288925 0.048831467 -0.012988594 0.998722613 0.859627724
0.998519957 0.003493914 -0.054275367 -0.023859281 -0.002801004 0.999913573 0.012837391 -0.110136516 0.054315526 -0.012666365 0.998443484 0.988065064
0.997911870 0.001107948 -0.064580768 -0.049066022 -0.000338528 0.999928832 0.011923791 -0.124478161 0.064589389 -0.011877033 0.997841239 1.131380439
0.997331500 0.001499124 -0.072990745 -0.074070849 -0.000637061 0.999929845 0.011832428 -0.139941216 0.073003367 -0.011754356 0.997262478 1.256894231
0.996660054 0.002005296 -0.081637979 -0.099944688 -0.001082995 0.999935091 0.011340139 -0.152921587 0.081655435 -0.011213851 0.996597528 1.382696986
0.996069670 0.002544989 -0.088536322 -0.123842694 -0.001562610 0.999936342 0.011163308 -0.166718602 0.088559121 -0.010981086 0.996010482 1.507509708
0.995746732 0.003578453 -0.092063166 -0.140495911 -0.002648558 0.999944150 0.010220802 -0.177998319 0.092094600 -0.009933496 0.995700717 1.633520126
0.995661914 0.003295051 -0.092985831 -0.150765345 -0.002394676 0.999949157 0.009792844 -0.192421257 0.093013376 -0.009527693 0.995619237 1.758001208
0.995748520 0.002608197 -0.092076540 -0.157462254 -0.001611639 0.999939382 0.010895848 -0.207566172 0.092099376 -0.010701131 0.995692372 1.884099007
0.995930970 0.002128616 -0.090095252 -0.161691189 -0.001196582 0.999945164 0.010397722 -0.223441675 0.090112455 -0.010247608 0.995878935 2.025667667
0.996325552 0.001788432 -0.085627645 -0.157885507 -0.000963007 0.999952674 0.009680044 -0.237845987 0.085640930 -0.009562017 0.996280313 2.149320841
0.997066736 0.001912194 -0.076513462 -0.146354675 -0.001161088 0.999950767 0.009859925 -0.251536876 0.076528557 -0.009742163 0.997019827 2.270763636
0.997793615 0.002357585 -0.066349991 -0.130125180 -0.001816228 0.999964535 0.008218275 -0.267168492 0.066367030 -0.008079638 0.997762680 2.391963959
0.998407722 0.002621907 -0.056350499 -0.116384283 -0.002145215 0.999961436 0.008518232 -0.282773107 0.056370657 -0.008383784 0.998374760 2.532623529
0.998769164 0.002517378 -0.049538378 -0.107790291 -0.002121354 0.999965429 0.008045254 -0.296650887 0.049556907 -0.007930262 0.998739898 2.658216953
0.999078572 0.003223964 -0.042797446 -0.098637514 -0.002929207 0.999971569 0.006948161 -0.311794311 0.042818636 -0.006816396 0.999059677 2.781258821
0.999421775 0.001970492 -0.033948049 -0.079254016 -0.001742679 0.999975741 0.006738919 -0.327213258 0.033960503 -0.006675862 0.999400973 2.900544405
0.999694407 0.001729520 -0.024654925 -0.060369503 -0.001559764 0.999974966 0.006902833 -0.342232525 0.024666261 -0.006862269 0.999672294 3.019384384
0.999869227 0.001398551 -0.016108967 -0.043852054 -0.001292334 0.999977410 0.006602192 -0.355727851 0.016117830 -0.006580512 0.999848485 3.137866735
0.999939561 0.000884769 -0.010964762 -0.033156212 -0.000815320 0.999979556 0.006336652 -0.370042324 0.010970145 -0.006327330 0.999919891 3.253834486
0.999957919 0.002092113 -0.008938767 -0.030389322 -0.002038205 0.999979794 0.006035588 -0.382081658 0.008951213 -0.006017115 0.999941945 3.368697405
0.999945998 0.003683417 -0.009713605 -0.036424860 -0.003625260 0.999975443 0.005997889 -0.395501077 0.009735465 -0.005962351 0.999934912 3.484294891
0.999900222 0.003044682 -0.013800550 -0.043260112 -0.002974572 0.999982655 0.005097897 -0.409663379 0.013815828 -0.005056337 0.999891758 3.597218275
0.999773920 0.004044380 -0.020874616 -0.060046330 -0.003929997 0.999977052 0.005517570 -0.420599997 0.020896465 -0.005434287 0.999767005 3.710052729
0.999596536 0.005721549 -0.027819410 -0.078920163 -0.005573046 0.999969780 0.005412687 -0.432345748 0.027849548 -0.005255464 0.999598205 3.823308229
0.999347746 0.007073853 -0.035412520 -0.097557113 -0.006862192 0.999957860 0.006094983 -0.441980273 0.035454147 -0.005848001 0.999354184 3.939552069
0.999126315 0.007993506 -0.041018751 -0.111673608 -0.007738583 0.999949694 0.006369848 -0.452170044 0.041067608 -0.006046856 0.999138117 4.043809891
0.998961449 0.008399529 -0.044780582 -0.122194938 -0.008092064 0.999942422 0.007042888 -0.464920282 0.044837158 -0.006673208 0.998972058 4.163033485
0.998954296 0.006206981 -0.045297809 -0.124830209 -0.005933079 0.999963224 0.006178650 -0.479393631 0.045334488 -0.005903432 0.998954356 4.283948898
0.998985589 0.007571694 -0.044390384 -0.127775669 -0.007286992 0.999951839 0.006571904 -0.491990060 0.044438004 -0.006241765 0.998992682 4.404973984
0.999008358 0.008481275 -0.043706894 -0.132661045 -0.008223963 0.999947786 0.006063704 -0.509230256 0.043756038 -0.005698248 0.999026000 4.539560318
0.999021411 0.007587152 -0.043572381 -0.134214371 -0.007367851 0.999959350 0.005191409 -0.525226533 0.043609999 -0.004865295 0.999036789 4.660631657
0.998994470 0.005508472 -0.044494919 -0.136784092 -0.005333039 0.999977469 0.004060490 -0.540898085 0.044516280 -0.003819112 0.999001324 4.781441689
0.998878598 0.005685832 -0.047002174 -0.145281047 -0.005529583 0.999978781 0.003453657 -0.554715753 0.047020808 -0.003189883 0.998888850 4.902942181
0.998777747 0.006335571 -0.049019430 -0.154816762 -0.006160177 0.999974072 0.003728310 -0.567261219 0.049041770 -0.003421784 0.998790801 5.024906635
0.998680949 0.005927222 -0.051001765 -0.162589043 -0.005667497 0.999970198 0.005235575 -0.577036917 0.051031277 -0.004939617 0.998684704 5.151107311
0.998535752 0.005835551 -0.053779464 -0.172054082 -0.005567603 0.999971271 0.005130817 -0.589926422 0.053807866 -0.004823881 0.998539567 5.276055336
0.998380005 0.005501516 -0.056629442 -0.181469485 -0.005165955 0.999968231 0.006070239 -0.599917173 0.056661032 -0.005767861 0.998376787 5.388014317
0.998281658 0.005806051 -0.058308117 -0.190331012 -0.005428445 0.999963224 0.006632353 -0.612249672 0.058344483 -0.006304436 0.998276591 5.514100075
0.998116612 0.005311032 -0.061114140 -0.202348977 -0.004890887 0.999963343 0.007022296 -0.625760198 0.061149195 -0.006710168 0.998106062 5.656640053
0.997937143 0.005204084 -0.063987605 -0.213358626 -0.004802128 0.999967813 0.006433950 -0.639400125 0.064019024 -0.006113400 0.997929871 5.784404278
0.997754276 0.004148494 -0.066851310 -0.224389076 -0.003706971 0.999970496 0.006727250 -0.653061569 0.066877238 -0.006464326 0.997740269 5.914944649
0.997636616 0.005173611 -0.068514854 -0.235017687 -0.004739292 0.999967635 0.006500078 -0.665420532 0.068546273 -0.006160004 0.997628868 6.025821209
0.997435689 0.005924881 -0.071322292 -0.244802088 -0.005445127 0.999961197 0.006919107 -0.675804973 0.071360521 -0.006513004 0.997429311 6.152029514
0.997296691 0.008572588 -0.072977871 -0.257370055 -0.008060157 0.999940753 0.007313337 -0.689114809 0.073036239 -0.006705353 0.997306764 6.273959160
0.997310281 0.009385526 -0.072692618 -0.263057470 -0.008883320 0.999934375 0.007228879 -0.704420447 0.072755687 -0.006563684 0.997328222 6.393297672
0.997465134 0.008909627 -0.070596352 -0.259382606 -0.008425280 0.999938965 0.007155614 -0.714223146 0.070655786 -0.006542680 0.997479260 6.496682167
0.997933865 0.008500041 -0.063683212 -0.251321733 -0.008113524 0.999947071 0.006325508 -0.735110164 0.063733608 -0.005795744 0.997950017 6.620983601
0.998458743 0.006641420 -0.055100881 -0.232229441 -0.006318775 0.999961793 0.006027683 -0.748161435 0.055138811 -0.005670222 0.998462558 6.734243393
0.999093950 0.002736774 -0.042469338 -0.202267811 -0.002523671 0.999983966 0.005070605 -0.763119102 0.042482536 -0.004958833 0.999084890 6.861910820
0.999523699 0.001347327 -0.030833608 -0.177864820 -0.001224607 0.999991357 0.003998613 -0.778641462 0.030838726 -0.003958948 0.999516606 6.975211620
0.999817014 0.000039681 -0.019127645 -0.152900130 0.000032661 0.999992847 0.003781768 -0.793923616 0.019127658 -0.003781701 0.999809921 7.091561317
0.999952316 -0.003032487 -0.009276956 -0.125224605 0.003061538 0.999990463 0.003118855 -0.807416499 0.009267401 -0.003147108 0.999952137 7.207623959
0.999986708 -0.005135473 -0.000179075 -0.099106967 0.005135832 0.999984622 0.002064632 -0.821590364 0.000168458 -0.002065526 0.999997854 7.326235771
0.999960780 -0.006876082 0.005580924 -0.083134159 0.006865513 0.999974668 0.001910591 -0.833489954 -0.005593926 -0.001872200 0.999982655 7.446395397
0.999944448 -0.005919429 0.008724902 -0.075406112 0.005906038 0.999981344 0.001559739 -0.847710490 -0.008733984 -0.001508120 0.999960840 7.564111710
0.999947190 -0.006447057 0.008009169 -0.074364573 0.006431277 0.999977291 0.001994538 -0.860128582 -0.008021839 -0.001942924 0.999965906 7.682198048
0.999973893 -0.005405079 0.004782520 -0.080090582 0.005394230 0.999982893 0.002278440 -0.872685492 -0.004794762 -0.002252582 0.999985993 7.798700809
0.999982238 -0.005766176 -0.001520406 -0.091629326 0.005768792 0.999981880 0.001722151 -0.885818422 0.001510445 -0.001730892 0.999997377 7.914492130
0.999928653 -0.006754191 -0.009848747 -0.104055174 0.006770914 0.999975681 0.001665690 -0.899478793 0.009837255 -0.001732257 0.999950171 8.045866013
0.999845743 -0.006937291 -0.016130179 -0.116430774 0.006973085 0.999973357 0.002163920 -0.908241570 0.016114742 -0.002276063 0.999867439 8.149654388
0.999610305 -0.008039091 -0.026733827 -0.135721594 0.008093129 0.999965489 0.001913707 -0.920070052 0.026717518 -0.002129321 0.999640763 8.281192780
0.999237835 -0.007310769 -0.038342368 -0.162969127 0.007386067 0.999971092 0.001822548 -0.931448102 0.038327940 -0.002104358 0.999262929 8.398756981
0.998665214 -0.007618035 -0.051086169 -0.191927984 0.007757616 0.999966681 0.002534545 -0.941305995 0.051065158 -0.002927469 0.998691082 8.515905380
0.998030961 -0.006356874 -0.062399864 -0.220061392 0.006547378 0.999974489 0.002848957 -0.953292251 0.062380154 -0.003251901 0.998047292 8.634373665
0.997474849 -0.003898770 -0.070913397 -0.246228188 0.004160778 0.999985099 0.003547410 -0.964476407 0.070898503 -0.003833506 0.997476220 8.752285957
0.996878624 -0.002955319 -0.078894034 -0.269178867 0.003261331 0.999987721 0.003750204 -0.976714015 0.078881979 -0.003995797 0.996876001 8.873439789
0.996127069 -0.002750407 -0.087884218 -0.296280742 0.003125170 0.999986589 0.004126970 -0.991402984 0.087871686 -0.004385638 0.996122181 9.012315750
0.995708168 -0.002584199 -0.092512801 -0.318672776 0.002933013 0.999989152 0.003634679 -1.002784491 0.092502393 -0.003890418 0.995704889 9.118569374
0.994631290 -0.001528817 -0.103471175 -0.355951726 0.001945119 0.999990344 0.003922577 -1.014578700 0.103464179 -0.004102782 0.994624734 9.257221222
0.993409455 -0.000249284 -0.114619285 -0.389577866 0.000690620 0.999992490 0.003810761 -1.025430441 0.114617474 -0.003864807 0.993402243 9.379887581
0.992409229 0.001567455 -0.122969493 -0.422263205 -0.001135449 0.999992907 0.003583112 -1.035606861 0.122974232 -0.003416286 0.992404044 9.489600182
0.991466641 0.001930202 -0.130346507 -0.449628949 -0.001386420 0.999989927 0.004262430 -1.048935652 0.130353421 -0.004045342 0.991459370 9.614808083
0.990595222 0.004730039 -0.136743486 -0.481022418 -0.004101957 0.999979794 0.004874545 -1.061373830 0.136763766 -0.004267785 0.990594566 9.741672516
0.989697099 0.005249657 -0.143080205 -0.511381745 -0.004659382 0.999979138 0.004460221 -1.074144244 0.143100649 -0.003747603 0.989701092 9.870247841
0.988654375 0.005084374 -0.150121972 -0.542649984 -0.004506110 0.999981105 0.004191887 -1.088679671 0.150140435 -0.003467862 0.988658667 9.999652863
0.987174988 0.005531328 -0.159546047 -0.579000592 -0.004852065 0.999977410 0.004646731 -1.099759579 0.159568146 -0.003813009 0.987179518 10.126711845
0.985357463 0.007640717 -0.170330480 -0.620968223 -0.006789320 0.999961376 0.005580416 -1.110776186 0.170366541 -0.004342273 0.985371172 10.248787880
0.983278573 0.009705653 -0.181849182 -0.669985294 -0.008826946 0.999945104 0.005640792 -1.122748613 0.181893945 -0.003941298 0.983310282 10.384944916
0.981242597 0.011093982 -0.192457676 -0.714035034 -0.009995114 0.999927700 0.006679641 -1.134058475 0.192517892 -0.004630713 0.981282532 10.506073952
0.979092002 0.013795750 -0.202949986 -0.757281303 -0.012505572 0.999892592 0.007638148 -1.143735647 0.203033581 -0.004940446 0.979159415 10.625113487
0.976689637 0.017704597 -0.213925064 -0.802437901 -0.016009176 0.999825180 0.009655276 -1.155155540 0.214058623 -0.006005444 0.976802409 10.745575905
0.974571407 0.020695070 -0.223119751 -0.851018667 -0.018762520 0.999765873 0.010778118 -1.166973829 0.223290563 -0.006317757 0.974731565 10.860705376
0.972615004 0.021924464 -0.231385872 -0.895120978 -0.019841699 0.999738932 0.011324822 -1.174122930 0.231573805 -0.006423600 0.972796202 10.960759163
0.970212221 0.023958348 -0.241068766 -0.943448305 -0.021905303 0.999697268 0.011193091 -1.183049083 0.241264001 -0.005578989 0.970443487 11.075233459
0.967692733 0.025259614 -0.250864297 -0.989573002 -0.023088256 0.999666214 0.011595296 -1.194940329 0.251073480 -0.005428664 0.967952847 11.188330650
0.965614200 0.026043037 -0.258671612 -1.032114506 -0.023971170 0.999650300 0.011160979 -1.206589460 0.258871853 -0.004576540 0.965900779 11.282652855
0.963324606 0.026381364 -0.267039120 -1.077120900 -0.024430921 0.999644995 0.010624222 -1.217117071 0.267224610 -0.003710561 0.963627100 11.381022453
0.961036265 0.026494224 -0.275149435 -1.117463708 -0.024586145 0.999643743 0.010382004 -1.226348996 0.275326490 -0.003212619 0.961345375 11.471364975
0.959067106 0.027742933 -0.281816423 -1.154874563 -0.025827842 0.999611139 0.010508645 -1.232937574 0.281998396 -0.002799786 0.959410846 11.551642418
0.957291245 0.028750824 -0.287692308 -1.188605547 -0.026903819 0.999584258 0.010372454 -1.238373399 0.287870973 -0.002189437 0.957666695 11.618687630
0.955644429 0.029474607 -0.293044299 -1.224812508 -0.027515925 0.999563038 0.010804781 -1.243410587 0.293234676 -0.002262145 0.956037879 11.691663742
0.953991950 0.029976249 -0.298330039 -1.260851383 -0.028109057 0.999549150 0.010548456 -1.251928806 0.298511744 -0.001677366 0.954404533 11.766303062
0.952233315 0.031280443 -0.303764999 -1.300937653 -0.029499669 0.999510109 0.010450673 -1.261870265 0.303943157 -0.000990507 0.952689648 11.856706619
0.951391160 0.030775782 -0.306443691 -1.339369059 -0.029059237 0.999525964 0.010163326 -1.272220850 0.306611180 -0.000764278 0.951834500 11.960500717
0.951377034 0.029800154 -0.306583613 -1.369293451 -0.027989155 0.999555111 0.010302755 -1.285131931 0.306754291 -0.001220788 0.951788008 12.067905426
0.951986194 0.029300952 -0.304736048 -1.394634008 -0.027490316 0.999569714 0.010231620 -1.296539545 0.304904699 -0.001363069 0.952381909 12.168452263
0.953521252 0.026782915 -0.300133467 -1.417893887 -0.025053669 0.999639809 0.009609265 -1.310642362 0.300282747 -0.001643193 0.953848839 12.290113449
0.955059946 0.024855444 -0.295368195 -1.444135427 -0.023147697 0.999689043 0.009277478 -1.326099634 0.295506924 -0.002023456 0.955338478 12.417607307
0.955945253 0.024670517 -0.292506486 -1.466013193 -0.022646215 0.999690413 0.010305210 -1.337494493 0.292670161 -0.003227053 0.956208050 12.530330658
0.956581950 0.025736237 -0.290325135 -1.501057863 -0.023859039 0.999665201 0.010004302 -1.353896737 0.290485471 -0.002643056 0.956875682 12.672083855
0.957120121 0.025272546 -0.288586974 -1.530603647 -0.023289876 0.999675691 0.010302416 -1.365205526 0.288753778 -0.003139494 0.957398236 12.785310745
0.957779109 0.024750086 -0.286437750 -1.558185101 -0.022908019 0.999689639 0.009780786 -1.382993221 0.286590964 -0.002806112 0.958048999 12.909823418
0.958961368 0.025153903 -0.282418668 -1.580319881 -0.023148712 0.999677420 0.010435103 -1.395165920 0.282590091 -0.003469234 0.959234476 13.021215439
0.960213959 0.026075536 -0.278045326 -1.601501226 -0.024200261 0.999655247 0.010175031 -1.409191132 0.278214842 -0.003041437 0.960514009 13.130954742
0.961628973 0.026905203 -0.273030818 -1.622992277 -0.025252666 0.999635279 0.009565586 -1.426205754 0.273188621 -0.002303790 0.961957753 13.257266998
0.963702381 0.025177132 -0.265788883 -1.632469058 -0.023770547 0.999681175 0.008508168 -1.440529466 0.265918374 -0.001881396 0.963993788 13.368134499
0.967058480 0.023790160 -0.253440261 -1.636257887 -0.022473697 0.999714673 0.008088673 -1.460096717 0.253560394 -0.002126480 0.967317283 13.499121666
0.970446348 0.020987103 -0.240402967 -1.631623268 -0.019781820 0.999776721 0.007425941 -1.476302385 0.240505114 -0.002450869 0.970644832 13.625462532
0.973141253 0.019016979 -0.229422018 -1.627049804 -0.017666303 0.999812424 0.007939953 -1.491352439 0.229530007 -0.003673659 0.973294735 13.738894463
0.976361573 0.017162859 -0.215461239 -1.619644046 -0.016186388 0.999849141 0.006295818 -1.505552292 0.215536803 -0.002659458 0.976492167 13.864898682
0.979337096 0.015023511 -0.201676056 -1.611880779 -0.014189859 0.999883711 0.005578795 -1.521873116 0.201736465 -0.002601766 0.979436457 13.992481232
0.981411278 0.012757916 -0.191492125 -1.608235359 -0.012028279 0.999915302 0.004972252 -1.537580371 0.191539347 -0.002576505 0.981481552 14.104506493
0.983392358 0.011160254 -0.181149155 -1.613210201 -0.010612964 0.999935746 0.003990235 -1.551876545 0.181182057 -0.002001438 0.983447611 14.244806290
0.984229565 0.009918391 -0.176617041 -1.620038271 -0.009352690 0.999948025 0.004035182 -1.562729955 0.176647902 -0.002319701 0.984271348 14.355466843
0.984609306 0.009917148 -0.174488783 -1.633185387 -0.009347760 0.999947906 0.004084750 -1.575543761 0.174520239 -0.002390804 0.984650791 14.476673126
0.985009432 0.009384907 -0.172245339 -1.644865751 -0.008876506 0.999953687 0.003721598 -1.589964509 0.172272280 -0.002136875 0.985047102 14.595901489
0.985635996 0.008805377 -0.168654516 -1.650866508 -0.008453486 0.999960303 0.002804376 -1.602123618 0.168672532 -0.001338376 0.985671341 14.700607300
0.986295283 0.009259380 -0.164729744 -1.655132294 -0.008762673 0.999954581 0.003741747 -1.617174268 0.164756909 -0.002246995 0.986331701 14.821200371
0.987226367 0.009133916 -0.159061983 -1.656193495 -0.008656261 0.999955654 0.003695563 -1.630223155 0.159088686 -0.002271477 0.987261713 14.925071716
0.988516033 0.008026540 -0.150902718 -1.651944518 -0.007572999 0.999964952 0.003579982 -1.643605232 0.150926158 -0.002396085 0.988542199 15.043757439
0.989801347 0.006232865 -0.142317846 -1.647557497 -0.005739610 0.999975920 0.003876118 -1.658904910 0.142338589 -0.003019738 0.989813328 15.161262512
0.990796626 0.005576168 -0.135243669 -1.640749335 -0.005151818 0.999980628 0.003487448 -1.672286391 0.135260493 -0.002758603 0.990806222 15.264803886
0.991831481 0.005372630 -0.127442271 -1.634674788 -0.004957089 0.999981344 0.003577561 -1.685527325 0.127459109 -0.002916595 0.991839528 15.381934166
0.992659926 0.003766691 -0.120879248 -1.630760312 -0.003494151 0.999990761 0.002466531 -1.696524382 0.120887436 -0.002026058 0.992664099 15.485130310
0.993449271 0.002656940 -0.114242882 -1.628033638 -0.002394960 0.999994099 0.002430379 -1.712032318 0.114248671 -0.002140853 0.993449867 15.617303848
0.993924201 0.001128358 -0.110060200 -1.623593807 -0.000882283 0.999996901 0.002284501 -1.724202633 0.110062458 -0.002173516 0.993922234 15.721244812
0.994845092 -0.000537897 -0.101404108 -1.614640117 0.000792406 0.999996603 0.002469599 -1.741149664 0.101402439 -0.002537223 0.994842231 15.837974548
0.995692968 -0.000779264 -0.092708357 -1.604526520 0.000894990 0.999998868 0.001206708 -1.754262686 0.092707321 -0.001284484 0.995692551 15.955855370
0.996437848 -0.002572994 -0.084290415 -1.590359688 0.002676272 0.999995768 0.001112300 -1.769794941 0.084287196 -0.001333923 0.996440649 16.074535370
0.997157991 -0.004496553 -0.075203918 -1.577962160 0.004526495 0.999989688 0.000227710 -1.783203602 0.075202122 -0.000567474 0.997168124 16.191638947
0.997681618 -0.006576628 -0.067736879 -1.564534187 0.006568503 0.999978423 -0.000342675 -1.796394587 0.067737669 -0.000103050 0.997703195 16.294563293
0.998199165 -0.007876005 -0.059466965 -1.547648787 0.007890400 0.999968886 0.000007192 -1.811077476 0.059465054 -0.000476399 0.998230338 16.414199829
0.998693228 -0.008370535 -0.050416596 -1.530828476 0.008367933 0.999965072 -0.000262721 -1.824821115 0.050417028 -0.000159507 0.998728275 16.531354904
0.999043107 -0.009770001 -0.042631924 -1.515530229 0.009761293 0.999952316 -0.000412460 -1.836768150 0.042633925 -0.000004078 0.999090791 16.635271072
0.999327660 -0.012574439 -0.034435317 -1.496009111 0.012542161 0.999920607 -0.001153167 -1.850498438 0.034447089 0.000720499 0.999406278 16.754024506
0.999513745 -0.013945212 -0.027891381 -1.476693273 0.013912146 0.999902308 -0.001379282 -1.860086441 0.027907891 0.000990581 0.999610007 16.858127594
0.999734581 -0.013224233 -0.018868640 -1.456813574 0.013228431 0.999912500 0.000097711 -1.872691751 0.018865690 -0.000347287 0.999821961 16.978395462
0.999874830 -0.012206972 -0.010071576 -1.439863086 0.012207697 0.999925554 0.000010423 -1.884222388 0.010070696 -0.000133373 0.999949276 17.082668304
0.999904275 -0.013705441 0.001862544 -1.404827952 0.013702708 0.999904990 0.001472914 -1.903037310 -0.001882552 -0.001447252 0.999997199 17.198928833
0.999740124 -0.014172135 0.017859075 -1.366498470 0.014142008 0.999898374 0.001812050 -1.915833354 -0.017882943 -0.001559016 0.999838889 17.313701630
0.999210536 -0.015738867 0.036476448 -1.318125486 0.015642347 0.999873340 0.002929964 -1.931894183 -0.036517952 -0.002357076 0.999330282 17.424388885
